<?xml version="1.0" encoding="UTF-8" standalone="no"?>
<!-- Created with Inkscape (http://www.inkscape.org/) -->

<svg
   width="297mm"
   height="210mm"
   viewBox="0 0 297 210"
   version="1.1"
   id="svg5"
   xml:space="preserve"
   inkscape:version="1.2.2 (732a01da63, 2022-12-09, custom)"
   sodipodi:docname="logos"
   xmlns:inkscape="http://www.inkscape.org/namespaces/inkscape"
   xmlns:sodipodi="http://sodipodi.sourceforge.net/DTD/sodipodi-0.dtd"
   xmlns="http://www.w3.org/2000/svg"
   xmlns:svg="http://www.w3.org/2000/svg"><sodipodi:namedview
     id="namedview7"
     pagecolor="#ffffff"
     bordercolor="#000000"
     borderopacity="0.25"
     inkscape:showpageshadow="2"
     inkscape:pageopacity="0.0"
     inkscape:pagecheckerboard="0"
     inkscape:deskcolor="#d1d1d1"
     inkscape:document-units="mm"
     showgrid="false"
     inkscape:zoom="0.70199214"
     inkscape:cx="373.22355"
     inkscape:cy="527.78368"
     inkscape:window-width="1920"
     inkscape:window-height="1016"
     inkscape:window-x="0"
     inkscape:window-y="0"
     inkscape:window-maximized="1"
     inkscape:current-layer="layer1" /><defs
     id="defs2"><inkscape:perspective
       sodipodi:type="inkscape:persp3d"
       inkscape:vp_x="78.46539 : 44.397038 : 1"
       inkscape:vp_y="0 : 2366.0803 : 0"
       inkscape:vp_z="781.19123 : 44.397038 : 1"
       inkscape:persp3d-origin="429.82831 : -38.415772 : 1"
       id="perspective1666" /></defs><g
     inkscape:label="Capa 1"
     inkscape:groupmode="layer"
     id="layer1"><path
       id="path2199"
       style="fill:#808080;fill-opacity:1;stroke:none;stroke-width:0;stroke-dasharray:none;stroke-opacity:1"
       d="m -97.069361,43.670568 a 17.593538,10.873405 15.90127 0 0 -12.911819,6.691509 17.593538,10.873405 15.90127 0 0 13.941223,15.277739 17.593538,10.873405 15.90127 0 0 10.150792,0.872752 l 8.929777,15.467109 v 8.768666 h -20.321157 a 2.8624143,2.8624143 0 0 0 -2.723845,-1.986434 2.8624143,2.8624143 0 0 0 -2.86241,2.862405 2.8624143,2.8624143 0 0 0 2.86241,2.862655 2.8624143,2.8624143 0 0 0 2.745161,-2.052368 h 20.299841 v 11.988249 h 1.686508 v -5.721588 h 18.147586 a 2.8624143,2.8624143 0 0 0 2.696827,1.908358 2.8624143,2.8624143 0 0 0 2.86241,-2.862658 2.8624143,2.8624143 0 0 0 -2.86241,-2.862409 2.8624143,2.8624143 0 0 0 -2.765241,2.130446 H -75.27288 v -4.580398 h 5.714157 v -0.01189 l 0.01462,0.0077 3.858104,-3.858104 h 6.551458 a 2.8624143,2.8624143 0 0 0 2.725089,1.989906 2.8624143,2.8624143 0 0 0 2.862405,-2.862659 2.8624143,2.8624143 0 0 0 -2.862405,-2.862405 2.8624143,2.8624143 0 0 0 -2.743431,2.048895 h -7.231618 v 0.0034 l -0.0017,-0.0019 -3.860584,3.860584 h -5.026068 v -8.73991 l 8.945396,-15.494133 a 10.873405,17.593538 74.09873 0 0 10.135168,-0.874177 10.873405,17.593538 74.09873 0 0 13.941221,-15.277739 10.873405,17.593538 74.09873 0 0 -19.899529,-5.63682 10.873405,17.593538 74.09873 0 0 -13.965515,11.517049 17.593538,10.873405 15.90127 0 0 -13.965515,-11.517049 17.593538,10.873405 15.90127 0 0 -6.987712,-1.054689 z m -1.342463,4.238583 a 15.485563,6.691825 15.90127 0 1 8.70818,1.271575 15.485563,6.691825 15.90127 0 1 13.059546,10.678505 15.485563,6.691825 15.90127 0 1 -16.726291,2.192907 15.485563,6.691825 15.90127 0 1 -13.059801,-10.678502 15.485563,6.691825 15.90127 0 1 8.018366,-3.464485 z m 44.591381,0 a 6.691825,15.485563 74.09873 0 1 8.01836,3.464485 6.691825,15.485563 74.09873 0 1 -13.059796,10.678502 6.691825,15.485563 74.09873 0 1 -16.72629,-2.192907 6.691825,15.485563 74.09873 0 1 13.059546,-10.678505 6.691825,15.485563 74.09873 0 1 8.70818,-1.271575 z M -76.959388,61.81121 v 16.795696 l -7.158,-12.398475 a 17.593538,10.873405 15.90127 0 0 7.158,-4.397221 z m 1.686508,0 a 10.873405,17.593538 74.09873 0 0 7.17312,4.400195 l -7.17312,12.424252 z m 18.863433,24.529997 a 1.3583641,1.3583641 0 0 1 1.35833,1.358326 1.3583641,1.3583641 0 0 1 -1.35833,1.35858 1.3583641,1.3583641 0 0 1 -1.358331,-1.35858 1.3583641,1.3583641 0 0 1 1.358331,-1.358326 z m -43.594943,3.924777 a 1.3583641,1.3583641 0 0 1 1.355106,1.302066 l -0.04859,0.04734 0.05106,0.0471 a 1.3583641,1.3583641 0 0 1 -1.357576,1.320408 1.3583641,1.3583641 0 0 1 -1.35833,-1.358579 1.3583641,1.3583641 0 0 1 1.35833,-1.358331 z m 45.575923,6.122648 a 1.3583641,1.3583641 0 0 1 1.35833,1.35833 1.3583641,1.3583641 0 0 1 -1.35833,1.358576 1.3583641,1.3583641 0 0 1 -1.358331,-1.358576 1.3583641,1.3583641 0 0 1 1.358331,-1.35833 z" /><g
       id="g2340"
       transform="matrix(0.33932579,0,0,0.33932579,-25.830799,-15.069705)"><path
         id="path2307"
         style="fill:#00979c;stroke-width:0"
         d="M 108.2983,64.949007 V 103.08621 H 96.797709 v 3.83595 H 108.2983 v 38.12893 h 80.51136 v -38.1248 h 3.64371 v 3.90157 h 3.84628 v -3.90157 h 3.9026 v -3.84679 h -3.9026 v -3.901574 h -3.84628 v 3.901574 h -3.64371 V 64.949007 Z m 61.30633,9.674345 a 10.873405,17.593538 74.09873 0 1 12.75995,6.693132 10.873405,17.593538 74.09873 0 1 -13.94127,15.278137 10.873405,17.593538 74.09873 0 1 -10.13478,0.873848 l -8.94571,15.494141 v 8.74004 h 5.02605 l 3.86075,-3.86075 0.002,0.002 v -0.003 h 7.2316 a 2.8624143,2.8624143 0 0 1 2.7435,-2.04897 2.8624143,2.8624143 0 0 1 2.86235,2.86287 2.8624143,2.8624143 0 0 1 -2.86235,2.86236 2.8624143,2.8624143 0 0 1 -2.72542,-1.99006 h -6.55102 l -3.85816,3.85816 -0.015,-0.008 v 0.0119 h -5.71386 v 4.58008 h 18.079 a 2.8624143,2.8624143 0 0 1 2.7652,-2.1301 2.8624143,2.8624143 0 0 1 2.86236,2.86235 2.8624143,2.8624143 0 0 1 -2.86236,2.86236 2.8624143,2.8624143 0 0 1 -2.69647,-1.90789 h -18.14773 v 5.72161 h -1.68672 V 123.38916 H 127.357 a 2.8624143,2.8624143 0 0 1 -2.74556,2.05207 2.8624143,2.8624143 0 0 1 -2.86236,-2.86236 2.8624143,2.8624143 0 0 1 2.86236,-2.86236 2.8624143,2.8624143 0 0 1 2.72386,1.98645 h 20.32124 v -8.76898 L 138.72693,97.467436 A 17.593538,10.873405 15.90127 0 1 128.57613,96.594621 17.593538,10.873405 15.90127 0 1 114.63486,81.317 17.593538,10.873405 15.90127 0 1 127.54674,74.625419 l -5.2e-4,-5.17e-4 a 17.593538,10.873405 15.90127 0 1 6.9882,1.054716 17.593538,10.873405 15.90127 0 1 13.96504,11.517127 10.873405,17.593538 74.09873 0 1 13.96556,-11.517127 10.873405,17.593538 74.09873 0 1 7.13961,-1.056266 z m -43.40045,4.240568 a 15.485563,6.691825 15.90127 0 0 -8.01811,3.464388 15.485563,6.691825 15.90127 0 0 13.05967,10.678418 15.485563,6.691825 15.90127 0 0 16.72611,-2.192631 15.485563,6.691825 15.90127 0 0 -13.05915,-10.678418 15.485563,6.691825 15.90127 0 0 -8.70852,-1.271757 z m 44.5916,0 a 6.691825,15.485563 74.09873 0 0 -8.70852,1.271757 6.691825,15.485563 74.09873 0 0 -13.05915,10.678418 6.691825,15.485563 74.09873 0 0 16.72611,2.192631 6.691825,15.485563 74.09873 0 0 13.05967,-10.678418 6.691825,15.485563 74.09873 0 0 -8.01811,-3.464388 z m -23.13916,13.901994 a 17.593538,10.873405 15.90127 0 1 -7.1577,4.397148 l 7.1577,12.398728 z m 1.68672,0 v 16.824296 l 7.1732,-12.424048 a 10.873405,17.593538 74.09873 0 1 -7.1732,-4.400248 z m 18.86345,24.529766 a 1.3583641,1.3583641 0 0 0 -1.35858,1.35858 1.3583641,1.3583641 0 0 0 1.35858,1.35857 1.3583641,1.3583641 0 0 0 1.35805,-1.35857 1.3583641,1.3583641 0 0 0 -1.35805,-1.35858 z m -43.59527,3.92483 a 1.3583641,1.3583641 0 0 0 -1.35806,1.35857 1.3583641,1.3583641 0 0 0 1.35806,1.35857 1.3583641,1.3583641 0 0 0 1.35805,-1.32033 l -0.0512,-0.047 0.0486,-0.0476 a 1.3583641,1.3583641 0 0 0 -1.35547,-1.30224 z m 45.57602,6.12262 a 1.3583641,1.3583641 0 0 0 -1.35805,1.35857 1.3583641,1.3583641 0 0 0 1.35805,1.35858 1.3583641,1.3583641 0 0 0 1.35858,-1.35858 1.3583641,1.3583641 0 0 0 -1.35858,-1.35857 z" /><g
         aria-label="CUBES"
         id="g2319"
         style="font-weight:bold;font-size:18.4149px;font-family:Ubuntu;-inkscape-font-specification:'Ubuntu Bold';text-align:justify;fill:#808080;stroke-width:0"
         transform="matrix(1.3989951,0,0,1.3989951,82.480124,49.813061)"><path
           d="m 24.789239,85.445362 q -3.112118,0 -4.751044,-1.731001 -1.620511,-1.731 -1.620511,-4.916778 0,-1.583681 0.497202,-2.81748 0.497202,-1.252213 1.362703,-2.099298 0.8655,-0.8655 2.062468,-1.307458 1.196969,-0.441958 2.596501,-0.441958 0.810256,0 1.473192,0.128905 0.662937,0.110489 1.160139,0.276223 0.497202,0.147319 0.82867,0.313054 0.331469,0.165734 0.478788,0.257808 l -0.828671,2.320277 q -0.589276,-0.313053 -1.381117,-0.534032 -0.773426,-0.220978 -1.767831,-0.220978 -0.662936,0 -1.307457,0.220978 -0.626107,0.220979 -1.123309,0.718181 -0.478788,0.478788 -0.773426,1.252214 -0.294639,0.773425 -0.294639,1.878319 0,0.883916 0.184149,1.657341 0.202564,0.755011 0.626107,1.307458 0.441958,0.552447 1.141724,0.883916 0.699766,0.313053 1.694171,0.313053 0.626106,0 1.123309,-0.07366 0.497202,-0.07366 0.883915,-0.165734 0.386713,-0.110489 0.681351,-0.239394 0.294638,-0.128904 0.534032,-0.239393 l 0.791841,2.301862 q -0.607692,0.368298 -1.712586,0.662937 -1.104894,0.294638 -2.559671,0.294638 z"
           id="path2309" /><path
           d="m 35.893401,85.445362 q -1.344287,0 -2.320277,-0.368298 -0.97599,-0.386713 -1.620511,-1.049649 -0.626107,-0.681352 -0.93916,-1.602097 -0.294639,-0.939159 -0.294639,-2.062468 v -7.936822 h 2.872725 v 7.697428 q 0,0.773426 0.165734,1.325873 0.184149,0.534032 0.478787,0.883915 0.313054,0.331468 0.736596,0.478787 0.441958,0.14732 0.957575,0.14732 1.049649,0 1.694171,-0.644522 0.662936,-0.644521 0.662936,-2.191373 v -7.697428 h 2.872725 v 7.936822 q 0,1.123309 -0.313054,2.062468 -0.313053,0.93916 -0.957574,1.620512 -0.644522,0.662936 -1.638927,1.031234 -0.994404,0.368298 -2.357107,0.368298 z"
           id="path2311" /><path
           d="m 48.176117,85.353288 q -1.049649,0 -2.099298,-0.07366 -1.031235,-0.05524 -2.154544,-0.294638 V 72.610177 q 0.883916,-0.165734 1.933565,-0.239394 1.049649,-0.09207 1.951979,-0.09207 1.215384,0 2.228203,0.184149 1.031234,0.165734 1.76783,0.589276 0.736596,0.423543 1.141724,1.123309 0.423543,0.681352 0.423543,1.694171 0,1.528437 -1.473192,2.412352 1.215383,0.460372 1.657341,1.252213 0.441958,0.791841 0.441958,1.786245 0,2.007225 -1.473192,3.020044 -1.454778,1.01282 -4.345917,1.01282 z M 46.72134,79.626254 v 3.296267 q 0.313053,0.03683 0.681351,0.05524 0.368298,0.01841 0.810256,0.01841 1.289043,0 2.080884,-0.368298 0.79184,-0.368298 0.79184,-1.362702 0,-0.883915 -0.662936,-1.252213 Q 49.759799,79.626254 48.526,79.626254 Z m 0,-2.191373 h 1.399532 q 1.325873,0 1.896735,-0.331469 0.570862,-0.349883 0.570862,-1.104894 0,-0.773425 -0.589277,-1.086479 -0.589277,-0.313053 -1.731,-0.313053 -0.368298,0 -0.791841,0.01842 -0.423543,0 -0.755011,0.03683 z"
           id="path2313" /><path
           d="M 56.297069,85.187553 V 72.426028 h 8.618173 v 2.412352 h -5.745448 v 2.504426 h 5.100927 v 2.357107 h -5.100927 v 3.075289 h 6.168991 v 2.412351 z"
           id="path2315" /><path
           d="m 70.936898,82.99618 q 0.607691,0 0.994404,-0.09207 0.405128,-0.11049 0.644522,-0.276224 0.239394,-0.184149 0.331468,-0.423542 0.09208,-0.239394 0.09208,-0.534032 0,-0.626107 -0.589277,-1.031235 -0.589277,-0.423543 -2.025639,-0.90233 -0.626107,-0.220979 -1.252213,-0.497202 -0.626107,-0.294639 -1.123309,-0.718181 -0.497203,-0.441958 -0.810256,-1.04965 -0.313053,-0.626106 -0.313053,-1.510021 0,-0.883916 0.331468,-1.583682 0.331468,-0.718181 0.93916,-1.215383 0.607692,-0.497202 1.473192,-0.755011 0.8655,-0.276224 1.951979,-0.276224 1.289043,0 2.228203,0.276224 0.93916,0.276223 1.546852,0.607692 l -0.828671,2.265032 q -0.534032,-0.276223 -1.196968,-0.478787 -0.644522,-0.220979 -1.565267,-0.220979 -1.031234,0 -1.491607,0.294639 -0.441957,0.276223 -0.441957,0.8655 0,0.349883 0.165734,0.589277 0.165734,0.239393 0.460372,0.441957 0.313054,0.184149 0.699767,0.349883 0.405127,0.147319 0.883915,0.313054 0.994404,0.368298 1.731,0.736596 0.736596,0.349883 1.215384,0.82867 0.497202,0.478787 0.736596,1.123309 0.239393,0.644521 0.239393,1.565266 0,1.786246 -1.252213,2.78065 -1.252213,0.97599 -3.775054,0.97599 -0.847086,0 -1.528437,-0.110489 -0.681351,-0.09208 -1.215383,-0.239394 -0.515617,-0.147319 -0.90233,-0.313053 -0.368298,-0.165734 -0.626107,-0.313054 l 0.810256,-2.283447 q 0.570861,0.313053 1.399532,0.570862 0.847085,0.239393 2.062469,0.239393 z"
           id="path2317" /></g></g><path
       id="path2372"
       style="fill:#e6e6e6;fill-opacity:1;stroke:none;stroke-width:0;stroke-dasharray:none;stroke-opacity:1"
       d="m 90.5143,20.940942 a 48.688479,30.091136 15.90127 0 0 -35.732232,18.518129 48.688479,30.091136 15.90127 0 0 38.581001,42.279712 48.688479,30.091136 15.90127 0 0 28.091391,2.415282 l 24.71231,42.803755 V 151.2243 H 89.929879 a 7.9214652,7.9214652 0 0 0 -7.538001,-5.49726 7.9214652,7.9214652 0 0 0 -7.921454,7.92143 7.9214652,7.9214652 0 0 0 7.921454,7.92214 7.9214652,7.9214652 0 0 0 7.596975,-5.67974 h 56.177917 v 33.17637 h 4.66726 v -15.83397 h 50.22177 a 7.9214652,7.9214652 0 0 0 7.46319,5.28121 7.9214652,7.9214652 0 0 0 7.92146,-7.92215 7.9214652,7.9214652 0 0 0 -7.92146,-7.92145 7.9214652,7.9214652 0 0 0 -7.65254,5.89582 h -50.03242 v -12.67583 h 15.81341 v -0.0329 l 0.0404,0.0221 10.67693,-10.67696 h 18.13056 a 7.9214652,7.9214652 0 0 0 7.54143,5.50689 7.9214652,7.9214652 0 0 0 7.92143,-7.92215 7.9214652,7.9214652 0 0 0 -7.92143,-7.92142 7.9214652,7.9214652 0 0 0 -7.59219,5.67011 h -20.01283 v 0.008 l -0.006,-0.006 -10.68379,10.68382 H 150.83323 V 127.03625 L 175.58876,84.157663 A 30.091136,48.688479 74.09873 0 0 203.6369,81.738479 30.091136,48.688479 74.09873 0 0 242.21793,39.458744 30.091136,48.688479 74.09873 0 0 187.14783,23.859369 30.091136,48.688479 74.09873 0 0 148.49958,55.731731 48.688479,30.091136 15.90127 0 0 109.85131,23.859369 48.688479,30.091136 15.90127 0 0 90.51347,20.940616 Z m -3.715133,11.729884 a 42.854854,18.519003 15.90127 0 1 24.099073,3.518966 42.854854,18.519003 15.90127 0 1 36.14107,29.551768 42.854854,18.519003 15.90127 0 1 -46.28845,6.068667 42.854854,18.519003 15.90127 0 1 -36.141786,-29.551761 42.854854,18.519003 15.90127 0 1 22.190093,-9.58764 z m 123.402493,0 a 18.519003,42.854854 74.09873 0 1 22.19007,9.58764 18.519003,42.854854 74.09873 0 1 -36.14179,29.551761 18.519003,42.854854 74.09873 0 1 -46.28845,-6.068667 18.519003,42.854854 74.09873 0 1 36.14109,-29.551768 18.519003,42.854854 74.09873 0 1 24.09908,-3.518966 z M 146.16677,71.143481 V 117.624 l -19.8091,-34.311614 a 48.688479,30.091136 15.90127 0 0 19.8091,-12.168905 z m 4.66726,0 a 30.091136,48.688479 74.09873 0 0 19.85094,12.177124 l -19.85094,34.382955 z m 52.20279,67.884469 a 3.7591462,3.7591462 0 0 1 3.75905,3.75906 3.7591462,3.7591462 0 0 1 -3.75905,3.75974 3.7591462,3.7591462 0 0 1 -3.75906,-3.75974 3.7591462,3.7591462 0 0 1 3.75906,-3.75906 z M 82.391878,149.88942 a 3.7591462,3.7591462 0 0 1 3.750141,3.60335 l -0.134496,0.1309 0.141414,0.13035 a 3.7591462,3.7591462 0 0 1 -3.756976,3.65411 3.7591462,3.7591462 0 0 1 -3.759052,-3.75974 3.7591462,3.7591462 0 0 1 3.759052,-3.75906 z m 126.127112,16.94386 a 3.7591462,3.7591462 0 0 1 3.75906,3.75905 3.7591462,3.7591462 0 0 1 -3.75906,3.75975 3.7591462,3.7591462 0 0 1 -3.75905,-3.75975 3.7591462,3.7591462 0 0 1 3.75905,-3.75905 z" /></g></svg>
